{
 "cells": [
  {
   "cell_type": "code",
   "execution_count": 1,
   "metadata": {},
   "outputs": [
    {
     "data": {
      "text/html": [
       "        <script type=\"text/javascript\">\n",
       "        window.PlotlyConfig = {MathJaxConfig: 'local'};\n",
       "        if (window.MathJax) {MathJax.Hub.Config({SVG: {font: \"STIX-Web\"}});}\n",
       "        if (typeof require !== 'undefined') {\n",
       "        require.undef(\"plotly\");\n",
       "        requirejs.config({\n",
       "            paths: {\n",
       "                'plotly': ['https://cdn.plot.ly/plotly-latest.min']\n",
       "            }\n",
       "        });\n",
       "        require(['plotly'], function(Plotly) {\n",
       "            window._Plotly = Plotly;\n",
       "        });\n",
       "        }\n",
       "        </script>\n",
       "        "
      ]
     },
     "metadata": {},
     "output_type": "display_data"
    },
    {
     "data": {
      "text/html": [
       "        <script type=\"text/javascript\">\n",
       "        window.PlotlyConfig = {MathJaxConfig: 'local'};\n",
       "        if (window.MathJax) {MathJax.Hub.Config({SVG: {font: \"STIX-Web\"}});}\n",
       "        if (typeof require !== 'undefined') {\n",
       "        require.undef(\"plotly\");\n",
       "        requirejs.config({\n",
       "            paths: {\n",
       "                'plotly': ['https://cdn.plot.ly/plotly-latest.min']\n",
       "            }\n",
       "        });\n",
       "        require(['plotly'], function(Plotly) {\n",
       "            window._Plotly = Plotly;\n",
       "        });\n",
       "        }\n",
       "        </script>\n",
       "        "
      ]
     },
     "metadata": {},
     "output_type": "display_data"
    }
   ],
   "source": [
    "import pandas as pd\n",
    "from pandas import ExcelWriter\n",
    "from pandas import ExcelFile\n",
    "import numpy as np\n",
    "import pandas_profiling\n",
    "import cufflinks as cf\n",
    "cf.set_config_file(offline=True)\n",
    "from sklearn.model_selection import train_test_split\n",
    "from sklearn.linear_model import LinearRegression\n",
    "from sklearn.feature_selection import RFE\n",
    "from sklearn.linear_model import RidgeCV, LassoCV, Ridge, Lasso"
   ]
  },
  {
   "cell_type": "code",
   "execution_count": 2,
   "metadata": {},
   "outputs": [],
   "source": [
    "df = pd.read_csv('up-yoddha.csv',index_col=0)"
   ]
  },
  {
   "cell_type": "code",
   "execution_count": 3,
   "metadata": {},
   "outputs": [
    {
     "data": {
      "text/html": [
       "<div>\n",
       "<style scoped>\n",
       "    .dataframe tbody tr th:only-of-type {\n",
       "        vertical-align: middle;\n",
       "    }\n",
       "\n",
       "    .dataframe tbody tr th {\n",
       "        vertical-align: top;\n",
       "    }\n",
       "\n",
       "    .dataframe thead th {\n",
       "        text-align: right;\n",
       "    }\n",
       "</style>\n",
       "<table border=\"1\" class=\"dataframe\">\n",
       "  <thead>\n",
       "    <tr style=\"text-align: right;\">\n",
       "      <th></th>\n",
       "      <th>OVERALL</th>\n",
       "      <th>SEASON 7</th>\n",
       "      <th>SEASON 6</th>\n",
       "      <th>SEASON 5</th>\n",
       "      <th>Team-name</th>\n",
       "    </tr>\n",
       "    <tr>\n",
       "      <th>SEASONS</th>\n",
       "      <th></th>\n",
       "      <th></th>\n",
       "      <th></th>\n",
       "      <th></th>\n",
       "      <th></th>\n",
       "    </tr>\n",
       "  </thead>\n",
       "  <tbody>\n",
       "    <tr>\n",
       "      <th>MATCHES PLAYED</th>\n",
       "      <td>65.0</td>\n",
       "      <td>17.0</td>\n",
       "      <td>25.0</td>\n",
       "      <td>23.0</td>\n",
       "      <td>up-yoddha</td>\n",
       "    </tr>\n",
       "    <tr>\n",
       "      <th>WINS</th>\n",
       "      <td>27.0</td>\n",
       "      <td>9.0</td>\n",
       "      <td>10.0</td>\n",
       "      <td>8.0</td>\n",
       "      <td>up-yoddha</td>\n",
       "    </tr>\n",
       "    <tr>\n",
       "      <th>DRAWS</th>\n",
       "      <td>10.0</td>\n",
       "      <td>2.0</td>\n",
       "      <td>4.0</td>\n",
       "      <td>4.0</td>\n",
       "      <td>up-yoddha</td>\n",
       "    </tr>\n",
       "    <tr>\n",
       "      <th>LOSSES</th>\n",
       "      <td>28.0</td>\n",
       "      <td>6.0</td>\n",
       "      <td>11.0</td>\n",
       "      <td>11.0</td>\n",
       "      <td>up-yoddha</td>\n",
       "    </tr>\n",
       "    <tr>\n",
       "      <th>FINISHING POSITION</th>\n",
       "      <td>0.0</td>\n",
       "      <td>4.0</td>\n",
       "      <td>3.0</td>\n",
       "      <td>3.0</td>\n",
       "      <td>up-yoddha</td>\n",
       "    </tr>\n",
       "  </tbody>\n",
       "</table>\n",
       "</div>"
      ],
      "text/plain": [
       "                    OVERALL  SEASON 7  SEASON 6  SEASON 5  Team-name\n",
       "SEASONS                                                             \n",
       "MATCHES PLAYED         65.0      17.0      25.0      23.0  up-yoddha\n",
       "WINS                   27.0       9.0      10.0       8.0  up-yoddha\n",
       "DRAWS                  10.0       2.0       4.0       4.0  up-yoddha\n",
       "LOSSES                 28.0       6.0      11.0      11.0  up-yoddha\n",
       "FINISHING POSITION      0.0       4.0       3.0       3.0  up-yoddha"
      ]
     },
     "execution_count": 3,
     "metadata": {},
     "output_type": "execute_result"
    }
   ],
   "source": [
    "df.head()"
   ]
  },
  {
   "cell_type": "code",
   "execution_count": 4,
   "metadata": {},
   "outputs": [],
   "source": [
    "df1 = df.transpose()"
   ]
  },
  {
   "cell_type": "code",
   "execution_count": 5,
   "metadata": {},
   "outputs": [],
   "source": [
    "df2 = df1.apply(pd.to_numeric, errors='coerce')"
   ]
  },
  {
   "cell_type": "code",
   "execution_count": 6,
   "metadata": {
    "scrolled": false
   },
   "outputs": [
    {
     "data": {
      "text/html": [
       "<div>\n",
       "<style scoped>\n",
       "    .dataframe tbody tr th:only-of-type {\n",
       "        vertical-align: middle;\n",
       "    }\n",
       "\n",
       "    .dataframe tbody tr th {\n",
       "        vertical-align: top;\n",
       "    }\n",
       "\n",
       "    .dataframe thead th {\n",
       "        text-align: right;\n",
       "    }\n",
       "</style>\n",
       "<table border=\"1\" class=\"dataframe\">\n",
       "  <thead>\n",
       "    <tr style=\"text-align: right;\">\n",
       "      <th>SEASONS</th>\n",
       "      <th>MATCHES PLAYED</th>\n",
       "      <th>WINS</th>\n",
       "      <th>DRAWS</th>\n",
       "      <th>LOSSES</th>\n",
       "      <th>FINISHING POSITION</th>\n",
       "      <th>TOTAL RAIDS</th>\n",
       "      <th>SUCCESSFUL RAIDS</th>\n",
       "      <th>UNSUCCESSFUL RAID</th>\n",
       "      <th>EMPTY RAIDS</th>\n",
       "      <th>SUCCESS RAID %</th>\n",
       "      <th>...</th>\n",
       "      <th>RAID BONUS POINTS</th>\n",
       "      <th>TOTAL RAID POINTS</th>\n",
       "      <th>TOTAL TACKLES</th>\n",
       "      <th>SUCCESSFUL TACKLES</th>\n",
       "      <th>UNSUCCESFUL TACKLES</th>\n",
       "      <th>SUCCESSFUL TACKLE %</th>\n",
       "      <th>NO. OF SUPER TACKLES</th>\n",
       "      <th>ALL OUTS INFLICTED</th>\n",
       "      <th>TOTAL ALL OUT POINTS</th>\n",
       "      <th>TOTAL DEFENCE POINTS</th>\n",
       "    </tr>\n",
       "  </thead>\n",
       "  <tbody>\n",
       "    <tr>\n",
       "      <th>OVERALL</th>\n",
       "      <td>65.0</td>\n",
       "      <td>27.0</td>\n",
       "      <td>10.0</td>\n",
       "      <td>28.0</td>\n",
       "      <td>0.0</td>\n",
       "      <td>2781.0</td>\n",
       "      <td>923.0</td>\n",
       "      <td>648.0</td>\n",
       "      <td>1210.0</td>\n",
       "      <td>0.42</td>\n",
       "      <td>...</td>\n",
       "      <td>308.0</td>\n",
       "      <td>1179.0</td>\n",
       "      <td>1534.0</td>\n",
       "      <td>590.0</td>\n",
       "      <td>944.0</td>\n",
       "      <td>0.42</td>\n",
       "      <td>60.0</td>\n",
       "      <td>69.0</td>\n",
       "      <td>138.0</td>\n",
       "      <td>646.0</td>\n",
       "    </tr>\n",
       "    <tr>\n",
       "      <th>SEASON 7</th>\n",
       "      <td>17.0</td>\n",
       "      <td>9.0</td>\n",
       "      <td>2.0</td>\n",
       "      <td>6.0</td>\n",
       "      <td>4.0</td>\n",
       "      <td>711.0</td>\n",
       "      <td>208.0</td>\n",
       "      <td>172.0</td>\n",
       "      <td>331.0</td>\n",
       "      <td>0.38</td>\n",
       "      <td>...</td>\n",
       "      <td>63.0</td>\n",
       "      <td>269.0</td>\n",
       "      <td>389.0</td>\n",
       "      <td>167.0</td>\n",
       "      <td>222.0</td>\n",
       "      <td>0.46</td>\n",
       "      <td>14.0</td>\n",
       "      <td>20.0</td>\n",
       "      <td>40.0</td>\n",
       "      <td>180.0</td>\n",
       "    </tr>\n",
       "    <tr>\n",
       "      <th>SEASON 6</th>\n",
       "      <td>25.0</td>\n",
       "      <td>10.0</td>\n",
       "      <td>4.0</td>\n",
       "      <td>11.0</td>\n",
       "      <td>3.0</td>\n",
       "      <td>1068.0</td>\n",
       "      <td>357.0</td>\n",
       "      <td>255.0</td>\n",
       "      <td>456.0</td>\n",
       "      <td>0.42</td>\n",
       "      <td>...</td>\n",
       "      <td>131.0</td>\n",
       "      <td>449.0</td>\n",
       "      <td>594.0</td>\n",
       "      <td>240.0</td>\n",
       "      <td>354.0</td>\n",
       "      <td>0.45</td>\n",
       "      <td>27.0</td>\n",
       "      <td>26.0</td>\n",
       "      <td>52.0</td>\n",
       "      <td>265.0</td>\n",
       "    </tr>\n",
       "    <tr>\n",
       "      <th>SEASON 5</th>\n",
       "      <td>23.0</td>\n",
       "      <td>8.0</td>\n",
       "      <td>4.0</td>\n",
       "      <td>11.0</td>\n",
       "      <td>3.0</td>\n",
       "      <td>1002.0</td>\n",
       "      <td>358.0</td>\n",
       "      <td>221.0</td>\n",
       "      <td>423.0</td>\n",
       "      <td>0.46</td>\n",
       "      <td>...</td>\n",
       "      <td>114.0</td>\n",
       "      <td>461.0</td>\n",
       "      <td>551.0</td>\n",
       "      <td>183.0</td>\n",
       "      <td>368.0</td>\n",
       "      <td>0.36</td>\n",
       "      <td>19.0</td>\n",
       "      <td>23.0</td>\n",
       "      <td>46.0</td>\n",
       "      <td>201.0</td>\n",
       "    </tr>\n",
       "    <tr>\n",
       "      <th>Team-name</th>\n",
       "      <td>NaN</td>\n",
       "      <td>NaN</td>\n",
       "      <td>NaN</td>\n",
       "      <td>NaN</td>\n",
       "      <td>NaN</td>\n",
       "      <td>NaN</td>\n",
       "      <td>NaN</td>\n",
       "      <td>NaN</td>\n",
       "      <td>NaN</td>\n",
       "      <td>NaN</td>\n",
       "      <td>...</td>\n",
       "      <td>NaN</td>\n",
       "      <td>NaN</td>\n",
       "      <td>NaN</td>\n",
       "      <td>NaN</td>\n",
       "      <td>NaN</td>\n",
       "      <td>NaN</td>\n",
       "      <td>NaN</td>\n",
       "      <td>NaN</td>\n",
       "      <td>NaN</td>\n",
       "      <td>NaN</td>\n",
       "    </tr>\n",
       "  </tbody>\n",
       "</table>\n",
       "<p>5 rows × 22 columns</p>\n",
       "</div>"
      ],
      "text/plain": [
       "SEASONS    MATCHES PLAYED  WINS  DRAWS  LOSSES  FINISHING POSITION  \\\n",
       "OVERALL              65.0  27.0   10.0    28.0                 0.0   \n",
       "SEASON 7             17.0   9.0    2.0     6.0                 4.0   \n",
       "SEASON 6             25.0  10.0    4.0    11.0                 3.0   \n",
       "SEASON 5             23.0   8.0    4.0    11.0                 3.0   \n",
       "Team-name             NaN   NaN    NaN     NaN                 NaN   \n",
       "\n",
       "SEASONS    TOTAL RAIDS  SUCCESSFUL RAIDS  UNSUCCESSFUL RAID  EMPTY RAIDS  \\\n",
       "OVERALL         2781.0             923.0              648.0       1210.0   \n",
       "SEASON 7         711.0             208.0              172.0        331.0   \n",
       "SEASON 6        1068.0             357.0              255.0        456.0   \n",
       "SEASON 5        1002.0             358.0              221.0        423.0   \n",
       "Team-name          NaN               NaN                NaN          NaN   \n",
       "\n",
       "SEASONS    SUCCESS RAID %          ...           RAID BONUS POINTS  \\\n",
       "OVERALL              0.42          ...                       308.0   \n",
       "SEASON 7             0.38          ...                        63.0   \n",
       "SEASON 6             0.42          ...                       131.0   \n",
       "SEASON 5             0.46          ...                       114.0   \n",
       "Team-name             NaN          ...                         NaN   \n",
       "\n",
       "SEASONS    TOTAL RAID POINTS  TOTAL TACKLES  SUCCESSFUL TACKLES  \\\n",
       "OVERALL               1179.0         1534.0               590.0   \n",
       "SEASON 7               269.0          389.0               167.0   \n",
       "SEASON 6               449.0          594.0               240.0   \n",
       "SEASON 5               461.0          551.0               183.0   \n",
       "Team-name                NaN            NaN                 NaN   \n",
       "\n",
       "SEASONS    UNSUCCESFUL TACKLES  SUCCESSFUL TACKLE %  NO. OF SUPER TACKLES  \\\n",
       "OVERALL                  944.0                 0.42                  60.0   \n",
       "SEASON 7                 222.0                 0.46                  14.0   \n",
       "SEASON 6                 354.0                 0.45                  27.0   \n",
       "SEASON 5                 368.0                 0.36                  19.0   \n",
       "Team-name                  NaN                  NaN                   NaN   \n",
       "\n",
       "SEASONS    ALL OUTS INFLICTED  TOTAL ALL OUT POINTS  TOTAL DEFENCE POINTS  \n",
       "OVERALL                  69.0                 138.0                 646.0  \n",
       "SEASON 7                 20.0                  40.0                 180.0  \n",
       "SEASON 6                 26.0                  52.0                 265.0  \n",
       "SEASON 5                 23.0                  46.0                 201.0  \n",
       "Team-name                 NaN                   NaN                   NaN  \n",
       "\n",
       "[5 rows x 22 columns]"
      ]
     },
     "execution_count": 6,
     "metadata": {},
     "output_type": "execute_result"
    }
   ],
   "source": [
    "df2"
   ]
  },
  {
   "cell_type": "code",
   "execution_count": 8,
   "metadata": {
    "scrolled": true
   },
   "outputs": [],
   "source": [
    "df2['WIN%'] = df2['WINS']/df2['MATCHES PLAYED']\n",
    "df2['DRAW%'] = df2['DRAWS']/df2['MATCHES PLAYED']\n",
    "df2['LOSS%'] = df2['LOSSES']/df2['MATCHES PLAYED']\n",
    "df2['WIN-LOSS%'] = df2['WINS']/df2['LOSSES']\n"
   ]
  },
  {
   "cell_type": "code",
   "execution_count": 9,
   "metadata": {},
   "outputs": [
    {
     "data": {
      "text/plain": [
       "SEASONS\n",
       "MATCHES PLAYED          float64\n",
       "WINS                    float64\n",
       "DRAWS                   float64\n",
       "LOSSES                  float64\n",
       "FINISHING POSITION      float64\n",
       "TOTAL RAIDS             float64\n",
       "SUCCESSFUL RAIDS        float64\n",
       "UNSUCCESSFUL RAID       float64\n",
       "EMPTY RAIDS             float64\n",
       "SUCCESS RAID %          float64\n",
       "NO. OF SUPER RAIDS      float64\n",
       "RAID TOUCH POINTS       float64\n",
       "RAID BONUS POINTS       float64\n",
       "TOTAL RAID POINTS       float64\n",
       "TOTAL TACKLES           float64\n",
       "SUCCESSFUL TACKLES      float64\n",
       "UNSUCCESFUL TACKLES     float64\n",
       "SUCCESSFUL TACKLE %     float64\n",
       "NO. OF SUPER TACKLES    float64\n",
       "ALL OUTS INFLICTED      float64\n",
       "TOTAL ALL OUT POINTS    float64\n",
       "TOTAL DEFENCE POINTS    float64\n",
       "WIN%                    float64\n",
       "DRAW%                   float64\n",
       "LOSS%                   float64\n",
       "WIN-LOSS%               float64\n",
       "dtype: object"
      ]
     },
     "execution_count": 9,
     "metadata": {},
     "output_type": "execute_result"
    }
   ],
   "source": [
    "df2.dtypes"
   ]
  },
  {
   "cell_type": "code",
   "execution_count": 10,
   "metadata": {},
   "outputs": [],
   "source": [
    "df2['UNSUCCESSFUL RAID%'] = df2['UNSUCCESSFUL RAID']/df2['TOTAL RAIDS']\n",
    "df2['EMPTY RAID%'] = df2['EMPTY RAIDS']/df2['TOTAL RAIDS']\n",
    "df2['AVG_RAID_TOUCH_POINT'] = df2['RAID TOUCH POINTS']/df2['MATCHES PLAYED']\n",
    "df2['AVG_RAID_BONUS_POINT'] = df2['RAID BONUS POINTS']/df2['MATCHES PLAYED']\n",
    "df2['UNSUCCESSFUL TACKLE%'] = df2['UNSUCCESFUL TACKLES']/df2['TOTAL TACKLES']\n",
    "df2['AVG_ALL_OUTS'] = df2['ALL OUTS INFLICTED']/df2['MATCHES PLAYED']"
   ]
  },
  {
   "cell_type": "code",
   "execution_count": 11,
   "metadata": {},
   "outputs": [],
   "source": [
    "df6 = df2.drop(['MATCHES PLAYED','WINS','DRAWS','LOSSES','SUCCESSFUL RAIDS','UNSUCCESSFUL RAID','EMPTY RAIDS','NO. OF SUPER RAIDS','RAID TOUCH POINTS','RAID BONUS POINTS','TOTAL RAID POINTS','TOTAL TACKLES','SUCCESSFUL TACKLES','UNSUCCESFUL TACKLES','ALL OUTS INFLICTED','TOTAL ALL OUT POINTS'],axis=1)"
   ]
  },
  {
   "cell_type": "code",
   "execution_count": 12,
   "metadata": {},
   "outputs": [
    {
     "data": {
      "text/html": [
       "<div>\n",
       "<style scoped>\n",
       "    .dataframe tbody tr th:only-of-type {\n",
       "        vertical-align: middle;\n",
       "    }\n",
       "\n",
       "    .dataframe tbody tr th {\n",
       "        vertical-align: top;\n",
       "    }\n",
       "\n",
       "    .dataframe thead th {\n",
       "        text-align: right;\n",
       "    }\n",
       "</style>\n",
       "<table border=\"1\" class=\"dataframe\">\n",
       "  <thead>\n",
       "    <tr style=\"text-align: right;\">\n",
       "      <th>SEASONS</th>\n",
       "      <th>FINISHING POSITION</th>\n",
       "      <th>TOTAL RAIDS</th>\n",
       "      <th>SUCCESS RAID %</th>\n",
       "      <th>SUCCESSFUL TACKLE %</th>\n",
       "      <th>NO. OF SUPER TACKLES</th>\n",
       "      <th>TOTAL DEFENCE POINTS</th>\n",
       "      <th>WIN%</th>\n",
       "      <th>DRAW%</th>\n",
       "      <th>LOSS%</th>\n",
       "      <th>WIN-LOSS%</th>\n",
       "      <th>UNSUCCESSFUL RAID%</th>\n",
       "      <th>EMPTY RAID%</th>\n",
       "      <th>AVG_RAID_TOUCH_POINT</th>\n",
       "      <th>AVG_RAID_BONUS_POINT</th>\n",
       "      <th>UNSUCCESSFUL TACKLE%</th>\n",
       "      <th>AVG_ALL_OUTS</th>\n",
       "    </tr>\n",
       "  </thead>\n",
       "  <tbody>\n",
       "    <tr>\n",
       "      <th>OVERALL</th>\n",
       "      <td>0.0</td>\n",
       "      <td>2781.0</td>\n",
       "      <td>0.42</td>\n",
       "      <td>0.42</td>\n",
       "      <td>60.0</td>\n",
       "      <td>646.0</td>\n",
       "      <td>0.415385</td>\n",
       "      <td>0.153846</td>\n",
       "      <td>0.430769</td>\n",
       "      <td>0.964286</td>\n",
       "      <td>0.233010</td>\n",
       "      <td>0.435095</td>\n",
       "      <td>13.400000</td>\n",
       "      <td>4.738462</td>\n",
       "      <td>0.615385</td>\n",
       "      <td>1.061538</td>\n",
       "    </tr>\n",
       "    <tr>\n",
       "      <th>SEASON 7</th>\n",
       "      <td>4.0</td>\n",
       "      <td>711.0</td>\n",
       "      <td>0.38</td>\n",
       "      <td>0.46</td>\n",
       "      <td>14.0</td>\n",
       "      <td>180.0</td>\n",
       "      <td>0.529412</td>\n",
       "      <td>0.117647</td>\n",
       "      <td>0.352941</td>\n",
       "      <td>1.500000</td>\n",
       "      <td>0.241913</td>\n",
       "      <td>0.465541</td>\n",
       "      <td>12.117647</td>\n",
       "      <td>3.705882</td>\n",
       "      <td>0.570694</td>\n",
       "      <td>1.176471</td>\n",
       "    </tr>\n",
       "    <tr>\n",
       "      <th>SEASON 6</th>\n",
       "      <td>3.0</td>\n",
       "      <td>1068.0</td>\n",
       "      <td>0.42</td>\n",
       "      <td>0.45</td>\n",
       "      <td>27.0</td>\n",
       "      <td>265.0</td>\n",
       "      <td>0.400000</td>\n",
       "      <td>0.160000</td>\n",
       "      <td>0.440000</td>\n",
       "      <td>0.909091</td>\n",
       "      <td>0.238764</td>\n",
       "      <td>0.426966</td>\n",
       "      <td>12.720000</td>\n",
       "      <td>5.240000</td>\n",
       "      <td>0.595960</td>\n",
       "      <td>1.040000</td>\n",
       "    </tr>\n",
       "    <tr>\n",
       "      <th>SEASON 5</th>\n",
       "      <td>3.0</td>\n",
       "      <td>1002.0</td>\n",
       "      <td>0.46</td>\n",
       "      <td>0.36</td>\n",
       "      <td>19.0</td>\n",
       "      <td>201.0</td>\n",
       "      <td>0.347826</td>\n",
       "      <td>0.173913</td>\n",
       "      <td>0.478261</td>\n",
       "      <td>0.727273</td>\n",
       "      <td>0.220559</td>\n",
       "      <td>0.422156</td>\n",
       "      <td>15.086957</td>\n",
       "      <td>4.956522</td>\n",
       "      <td>0.667877</td>\n",
       "      <td>1.000000</td>\n",
       "    </tr>\n",
       "  </tbody>\n",
       "</table>\n",
       "</div>"
      ],
      "text/plain": [
       "SEASONS   FINISHING POSITION  TOTAL RAIDS  SUCCESS RAID %  \\\n",
       "OVERALL                  0.0       2781.0            0.42   \n",
       "SEASON 7                 4.0        711.0            0.38   \n",
       "SEASON 6                 3.0       1068.0            0.42   \n",
       "SEASON 5                 3.0       1002.0            0.46   \n",
       "\n",
       "SEASONS   SUCCESSFUL TACKLE %  NO. OF SUPER TACKLES  TOTAL DEFENCE POINTS  \\\n",
       "OVERALL                  0.42                  60.0                 646.0   \n",
       "SEASON 7                 0.46                  14.0                 180.0   \n",
       "SEASON 6                 0.45                  27.0                 265.0   \n",
       "SEASON 5                 0.36                  19.0                 201.0   \n",
       "\n",
       "SEASONS       WIN%     DRAW%     LOSS%  WIN-LOSS%  UNSUCCESSFUL RAID%  \\\n",
       "OVERALL   0.415385  0.153846  0.430769   0.964286            0.233010   \n",
       "SEASON 7  0.529412  0.117647  0.352941   1.500000            0.241913   \n",
       "SEASON 6  0.400000  0.160000  0.440000   0.909091            0.238764   \n",
       "SEASON 5  0.347826  0.173913  0.478261   0.727273            0.220559   \n",
       "\n",
       "SEASONS   EMPTY RAID%  AVG_RAID_TOUCH_POINT  AVG_RAID_BONUS_POINT  \\\n",
       "OVERALL      0.435095             13.400000              4.738462   \n",
       "SEASON 7     0.465541             12.117647              3.705882   \n",
       "SEASON 6     0.426966             12.720000              5.240000   \n",
       "SEASON 5     0.422156             15.086957              4.956522   \n",
       "\n",
       "SEASONS   UNSUCCESSFUL TACKLE%  AVG_ALL_OUTS  \n",
       "OVERALL               0.615385      1.061538  \n",
       "SEASON 7              0.570694      1.176471  \n",
       "SEASON 6              0.595960      1.040000  \n",
       "SEASON 5              0.667877      1.000000  "
      ]
     },
     "execution_count": 12,
     "metadata": {},
     "output_type": "execute_result"
    }
   ],
   "source": [
    "df6 = df6.drop(['Team-name'],axis=0)\n",
    "df6"
   ]
  },
  {
   "cell_type": "code",
   "execution_count": 13,
   "metadata": {
    "scrolled": true
   },
   "outputs": [
    {
     "data": {
      "text/plain": [
       "SEASONS\n",
       "FINISHING POSITION      float64\n",
       "TOTAL RAIDS             float64\n",
       "SUCCESS RAID %          float64\n",
       "SUCCESSFUL TACKLE %     float64\n",
       "NO. OF SUPER TACKLES    float64\n",
       "TOTAL DEFENCE POINTS    float64\n",
       "WIN%                    float64\n",
       "DRAW%                   float64\n",
       "LOSS%                   float64\n",
       "WIN-LOSS%               float64\n",
       "UNSUCCESSFUL RAID%      float64\n",
       "EMPTY RAID%             float64\n",
       "AVG_RAID_TOUCH_POINT    float64\n",
       "AVG_RAID_BONUS_POINT    float64\n",
       "UNSUCCESSFUL TACKLE%    float64\n",
       "AVG_ALL_OUTS            float64\n",
       "dtype: object"
      ]
     },
     "execution_count": 13,
     "metadata": {},
     "output_type": "execute_result"
    }
   ],
   "source": [
    "df6.dtypes"
   ]
  },
  {
   "cell_type": "code",
   "execution_count": 14,
   "metadata": {},
   "outputs": [
    {
     "data": {
      "application/vnd.plotly.v1+json": {
       "config": {
        "linkText": "Export to plot.ly",
        "plotlyServerURL": "https://plot.ly",
        "showLink": true
       },
       "data": [
        {
         "colorscale": [
          [
           0,
           "rgb(255,255,229)"
          ],
          [
           0.125,
           "rgb(247,252,185)"
          ],
          [
           0.25,
           "rgb(217,240,163)"
          ],
          [
           0.375,
           "rgb(173,221,142)"
          ],
          [
           0.5,
           "rgb(120,198,121)"
          ],
          [
           0.625,
           "rgb(65,171,93)"
          ],
          [
           0.75,
           "rgb(35,132,67)"
          ],
          [
           0.875,
           "rgb(0,104,55)"
          ],
          [
           1,
           "rgb(0,69,41)"
          ]
         ],
         "type": "heatmap",
         "uid": "9593a5a1-4618-4e5e-bced-6948493b8df7",
         "x": [
          "FINISHING POSITION",
          "TOTAL RAIDS",
          "SUCCESS RAID %",
          "SUCCESSFUL TACKLE %",
          "NO. OF SUPER TACKLES",
          "TOTAL DEFENCE POINTS",
          "WIN%",
          "DRAW%",
          "LOSS%",
          "WIN-LOSS%",
          "UNSUCCESSFUL RAID%",
          "EMPTY RAID%",
          "AVG_RAID_TOUCH_POINT",
          "AVG_RAID_BONUS_POINT",
          "UNSUCCESSFUL TACKLE%",
          "AVG_ALL_OUTS"
         ],
         "y": [
          "FINISHING POSITION",
          "TOTAL RAIDS",
          "SUCCESS RAID %",
          "SUCCESSFUL TACKLE %",
          "NO. OF SUPER TACKLES",
          "TOTAL DEFENCE POINTS",
          "WIN%",
          "DRAW%",
          "LOSS%",
          "WIN-LOSS%",
          "UNSUCCESSFUL RAID%",
          "EMPTY RAID%",
          "AVG_RAID_TOUCH_POINT",
          "AVG_RAID_BONUS_POINT",
          "UNSUCCESSFUL TACKLE%",
          "AVG_ALL_OUTS"
         ],
         "z": [
          [
           1,
           -0.9932872798215601,
           -0.2357022603955155,
           0.19245008972987548,
           -0.9852901162085834,
           -0.9801127437360213,
           0.3259116079094663,
           -0.3304668244010328,
           -0.32363188902232487,
           0.38070181922605995,
           0.20443998718591833,
           0.3470980607798427,
           -0.2131065406216077,
           -0.3422949234832193,
           -0.2358123739871454,
           0.33253496704058433
          ],
          [
           -0.9932872798215601,
           1,
           0.12639876921916848,
           -0.10675069770851618,
           0.9905640036954384,
           0.9947042141315966,
           -0.21449438658713194,
           0.2190742668802782,
           0.2122720407652802,
           -0.27118541935292906,
           -0.11552317100700223,
           -0.237389304169928,
           0.12037708876548676,
           0.24146698624715382,
           0.1397305478788006,
           -0.22123335062124325
          ],
          [
           -0.2357022603955155,
           0.12639876921916848,
           1,
           -0.907218423253029,
           0.09859037584063701,
           0.039264204269473475,
           -0.9689158501486788,
           0.9576491941030294,
           0.9734610490492858,
           -0.9491681102278948,
           -0.9254910365306063,
           -0.9092139311533082,
           0.9452670297543397,
           0.7637154855071093,
           0.9626083566372091,
           -0.9512833482225771
          ],
          [
           0.19245008972987548,
           -0.10675069770851618,
           -0.907218423253029,
           1,
           -0.025044041489058887,
           -0.004749494598351844,
           0.7818215506797223,
           -0.7542616010549554,
           -0.7939181346679652,
           0.7440579414792128,
           0.9989374837447361,
           0.6566441130489236,
           -0.9947915779869435,
           -0.42722613667251225,
           -0.9868280855456831,
           0.7398088236819685
          ],
          [
           -0.9852901162085834,
           0.9905640036954384,
           0.09859037584063701,
           -0.025044041489058887,
           1,
           0.9949762746707087,
           -0.21781947241574484,
           0.22820170067044782,
           0.21294692893356743,
           -0.28089379753250726,
           -0.03888971065917318,
           -0.2648061084142461,
           0.050231450092249955,
           0.3038674391975877,
           0.07652735120728345,
           -0.23328529317401103
          ],
          [
           -0.9801127437360213,
           0.9947042141315966,
           0.039264204269473475,
           -0.004749494598351844,
           0.9949762746707087,
           1,
           -0.1430928679055677,
           0.15092822197873246,
           0.1394287285210896,
           -0.204356916265186,
           -0.014244731606882973,
           -0.18053053784664952,
           0.02024669075211913,
           0.2100078198029536,
           0.04123926358111562,
           -0.15477975588006837
          ],
          [
           0.3259116079094663,
           -0.21449438658713194,
           -0.9689158501486788,
           0.7818215506797223,
           -0.21781947241574484,
           -0.1430928679055677,
           1,
           -0.9990731896596832,
           -0.9998070214936895,
           0.9969643010317991,
           0.8097209101105683,
           0.983590371192348,
           -0.841135759859272,
           -0.8977384288267211,
           -0.8723886518207091,
           0.9979011235829504
          ],
          [
           -0.3304668244010328,
           0.2190742668802782,
           0.9576491941030294,
           -0.7542616010549554,
           0.22820170067044782,
           0.15092822197873246,
           -0.9990731896596832,
           1,
           0.9980348030082284,
           -0.9985146051643863,
           -0.7837136458021178,
           -0.9904393627970707,
           0.8170771091462941,
           0.9158683976171151,
           0.8505419954557398,
           -0.999763600202981
          ],
          [
           -0.32363188902232487,
           0.2122720407652802,
           0.9734610490492858,
           -0.7939181346679652,
           0.21294692893356743,
           0.1394287285210896,
           -0.9998070214936895,
           0.9980348030082284,
           1,
           -0.9956426553449378,
           -0.8210916746718979,
           -0.9798586808981353,
           0.8515978407699138,
           0.8889110644392281,
           0.8818219437768439,
           -0.996436427584889
          ],
          [
           0.38070181922605995,
           -0.27118541935292906,
           -0.9491681102278948,
           0.7440579414792128,
           -0.28089379753250726,
           -0.204356916265186,
           0.9969643010317991,
           -0.9985146051643863,
           -0.9956426553449378,
           1,
           0.7739112549942159,
           0.9913147637532701,
           -0.807493899799356,
           -0.920336281345579,
           -0.8420164274882833,
           0.9985941972879281
          ],
          [
           0.20443998718591833,
           -0.11552317100700223,
           -0.9254910365306063,
           0.9989374837447361,
           -0.03888971065917318,
           -0.014244731606882973,
           0.8097209101105683,
           -0.7837136458021178,
           -0.8210916746718979,
           0.7739112549942159,
           1,
           0.6906889179775288,
           -0.998425081603522,
           -0.46842798471805036,
           -0.9932334486896482,
           0.7700244255282864
          ],
          [
           0.3470980607798427,
           -0.237389304169928,
           -0.9092139311533082,
           0.6566441130489236,
           -0.2648061084142461,
           -0.18053053784664952,
           0.983590371192348,
           -0.9904393627970707,
           -0.9798586808981353,
           0.9913147637532701,
           0.6906889179775288,
           1,
           -0.7298248374652682,
           -0.9624322999558305,
           -0.7699981853862794,
           0.9932011700064649
          ],
          [
           -0.2131065406216077,
           0.12037708876548676,
           0.9452670297543397,
           -0.9947915779869435,
           0.050231450092249955,
           0.02024669075211913,
           -0.841135759859272,
           0.8170771091462941,
           0.8515978407699138,
           -0.807493899799356,
           -0.998425081603522,
           -0.7298248374652682,
           1,
           0.5168712785907131,
           0.9981313209022876,
           -0.804348685366125
          ],
          [
           -0.3422949234832193,
           0.24146698624715382,
           0.7637154855071093,
           -0.42722613667251225,
           0.3038674391975877,
           0.2100078198029536,
           -0.8977384288267211,
           0.9158683976171151,
           0.8889110644392281,
           -0.920336281345579,
           -0.46842798471805036,
           -0.9624322999558305,
           0.5168712785907131,
           1,
           0.5678631983586729,
           -0.9243811036467434
          ],
          [
           -0.2358123739871454,
           0.1397305478788006,
           0.9626083566372091,
           -0.9868280855456831,
           0.07652735120728345,
           0.04123926358111562,
           -0.8723886518207091,
           0.8505419954557398,
           0.8818219437768439,
           -0.8420164274882833,
           -0.9932334486896482,
           -0.7699981853862794,
           0.9981313209022876,
           0.5678631983586729,
           1,
           -0.8389073382101168
          ],
          [
           0.33253496704058433,
           -0.22123335062124325,
           -0.9512833482225771,
           0.7398088236819685,
           -0.23328529317401103,
           -0.15477975588006837,
           0.9979011235829504,
           -0.999763600202981,
           -0.996436427584889,
           0.9985941972879281,
           0.7700244255282864,
           0.9932011700064649,
           -0.804348685366125,
           -0.9243811036467434,
           -0.8389073382101168,
           1
          ]
         ],
         "zmax": 1,
         "zmin": -0.9998070214936895
        }
       ],
       "layout": {
        "legend": {
         "bgcolor": "#F5F6F9",
         "font": {
          "color": "#4D5663"
         }
        },
        "paper_bgcolor": "#F5F6F9",
        "plot_bgcolor": "#F5F6F9",
        "title": {
         "font": {
          "color": "#4D5663"
         }
        },
        "xaxis": {
         "gridcolor": "#E1E5ED",
         "showgrid": true,
         "tickfont": {
          "color": "#4D5663"
         },
         "title": {
          "font": {
           "color": "#4D5663"
          },
          "text": ""
         },
         "zerolinecolor": "#E1E5ED"
        },
        "yaxis": {
         "gridcolor": "#E1E5ED",
         "showgrid": true,
         "tickfont": {
          "color": "#4D5663"
         },
         "title": {
          "font": {
           "color": "#4D5663"
          },
          "text": ""
         },
         "zerolinecolor": "#E1E5ED"
        }
       }
      },
      "text/html": [
       "<div>\n",
       "        \n",
       "        \n",
       "            <div id=\"4b8b9add-1f5e-44f6-afa3-00bc004654b7\" class=\"plotly-graph-div\" style=\"height:525px; width:100%;\"></div>\n",
       "            <script type=\"text/javascript\">\n",
       "                require([\"plotly\"], function(Plotly) {\n",
       "                    window.PLOTLYENV=window.PLOTLYENV || {};\n",
       "                    window.PLOTLYENV.BASE_URL='https://plot.ly';\n",
       "                    \n",
       "                if (document.getElementById(\"4b8b9add-1f5e-44f6-afa3-00bc004654b7\")) {\n",
       "                    Plotly.newPlot(\n",
       "                        '4b8b9add-1f5e-44f6-afa3-00bc004654b7',\n",
