{
 "cells": [
  {
   "cell_type": "code",
   "execution_count": 2,
   "metadata": {},
   "outputs": [
    {
     "data": {
      "text/html": [
       "        <script type=\"text/javascript\">\n",
       "        window.PlotlyConfig = {MathJaxConfig: 'local'};\n",
       "        if (window.MathJax) {MathJax.Hub.Config({SVG: {font: \"STIX-Web\"}});}\n",
       "        if (typeof require !== 'undefined') {\n",
       "        require.undef(\"plotly\");\n",
       "        requirejs.config({\n",
       "            paths: {\n",
       "                'plotly': ['https://cdn.plot.ly/plotly-latest.min']\n",
       "            }\n",
       "        });\n",
       "        require(['plotly'], function(Plotly) {\n",
       "            window._Plotly = Plotly;\n",
       "        });\n",
       "        }\n",
       "        </script>\n",
       "        "
      ]
     },
     "metadata": {},
     "output_type": "display_data"
    },
    {
     "data": {
      "text/html": [
       "        <script type=\"text/javascript\">\n",
       "        window.PlotlyConfig = {MathJaxConfig: 'local'};\n",
       "        if (window.MathJax) {MathJax.Hub.Config({SVG: {font: \"STIX-Web\"}});}\n",
       "        if (typeof require !== 'undefined') {\n",
       "        require.undef(\"plotly\");\n",
       "        requirejs.config({\n",
       "            paths: {\n",
       "                'plotly': ['https://cdn.plot.ly/plotly-latest.min']\n",
       "            }\n",
       "        });\n",
       "        require(['plotly'], function(Plotly) {\n",
       "            window._Plotly = Plotly;\n",
       "        });\n",
       "        }\n",
       "        </script>\n",
       "        "
      ]
     },
     "metadata": {},
     "output_type": "display_data"
    }
   ],
   "source": [
    "import pandas as pd\n",
    "from pandas import ExcelWriter\n",
    "from pandas import ExcelFile\n",
    "import numpy as np\n",
    "import pandas_profiling\n",
    "import cufflinks as cf\n",
    "cf.set_config_file(offline=True)\n",
    "from sklearn.model_selection import train_test_split\n",
    "from sklearn.linear_model import LinearRegression\n",
    "from sklearn.feature_selection import RFE\n",
    "from sklearn.linear_model import RidgeCV, LassoCV, Ridge, Lasso"
   ]
  },
  {
   "cell_type": "code",
   "execution_count": 3,
   "metadata": {},
   "outputs": [],
   "source": [
    "df = pd.read_csv('gujrat-fortunegiants.csv',index_col=0)"
   ]
  },
  {
   "cell_type": "code",
   "execution_count": 4,
   "metadata": {},
   "outputs": [
    {
     "data": {
      "text/html": [
       "<div>\n",
       "<style scoped>\n",
       "    .dataframe tbody tr th:only-of-type {\n",
       "        vertical-align: middle;\n",
       "    }\n",
       "\n",
       "    .dataframe tbody tr th {\n",
       "        vertical-align: top;\n",
       "    }\n",
       "\n",
       "    .dataframe thead th {\n",
       "        text-align: right;\n",
       "    }\n",
       "</style>\n",
       "<table border=\"1\" class=\"dataframe\">\n",
       "  <thead>\n",
       "    <tr style=\"text-align: right;\">\n",
       "      <th></th>\n",
       "      <th>OVERALL</th>\n",
       "      <th>SEASON 7</th>\n",
       "      <th>SEASON 6</th>\n",
       "      <th>SEASON 5</th>\n",
       "      <th>Team-name</th>\n",
       "    </tr>\n",
       "    <tr>\n",
       "      <th>SEASONS</th>\n",
       "      <th></th>\n",
       "      <th></th>\n",
       "      <th></th>\n",
       "      <th></th>\n",
       "      <th></th>\n",
       "    </tr>\n",
       "  </thead>\n",
       "  <tbody>\n",
       "    <tr>\n",
       "      <th>MATCHES PLAYED</th>\n",
       "      <td>62.0</td>\n",
       "      <td>18.0</td>\n",
       "      <td>22.0</td>\n",
       "      <td>22.0</td>\n",
       "      <td>gujarat-fortunegiants</td>\n",
       "    </tr>\n",
       "    <tr>\n",
       "      <th>WINS</th>\n",
       "      <td>14.0</td>\n",
       "      <td>3.0</td>\n",
       "      <td>5.0</td>\n",
       "      <td>6.0</td>\n",
       "      <td>gujarat-fortunegiants</td>\n",
       "    </tr>\n",
       "    <tr>\n",
       "      <th>DRAWS</th>\n",
       "      <td>9.0</td>\n",
       "      <td>3.0</td>\n",
       "      <td>4.0</td>\n",
       "      <td>2.0</td>\n",
       "      <td>gujarat-fortunegiants</td>\n",
       "    </tr>\n",
       "    <tr>\n",
       "      <th>LOSSES</th>\n",
       "      <td>39.0</td>\n",
       "      <td>12.0</td>\n",
       "      <td>13.0</td>\n",
       "      <td>14.0</td>\n",
       "      <td>gujarat-fortunegiants</td>\n",
       "    </tr>\n",
       "    <tr>\n",
       "      <th>FINISHING POSITION</th>\n",
       "      <td>0.0</td>\n",
       "      <td>12.0</td>\n",
       "      <td>6.0</td>\n",
       "      <td>6.0</td>\n",
       "      <td>gujarat-fortunegiants</td>\n",
       "    </tr>\n",
       "  </tbody>\n",
       "</table>\n",
       "</div>"
      ],
      "text/plain": [
       "                    OVERALL  SEASON 7  SEASON 6  SEASON 5  \\\n",
       "SEASONS                                                     \n",
       "MATCHES PLAYED         62.0      18.0      22.0      22.0   \n",
       "WINS                   14.0       3.0       5.0       6.0   \n",
       "DRAWS                   9.0       3.0       4.0       2.0   \n",
       "LOSSES                 39.0      12.0      13.0      14.0   \n",
       "FINISHING POSITION      0.0      12.0       6.0       6.0   \n",
       "\n",
       "                                Team-name  \n",
       "SEASONS                                    \n",
       "MATCHES PLAYED      gujarat-fortunegiants  \n",
       "WINS                gujarat-fortunegiants  \n",
       "DRAWS               gujarat-fortunegiants  \n",
       "LOSSES              gujarat-fortunegiants  \n",
       "FINISHING POSITION  gujarat-fortunegiants  "
      ]
     },
     "execution_count": 4,
     "metadata": {},
     "output_type": "execute_result"
    }
   ],
   "source": [
    "df.head()"
   ]
  },
  {
   "cell_type": "code",
   "execution_count": 5,
   "metadata": {},
   "outputs": [],
   "source": [
    "df1 = df.transpose()"
   ]
  },
  {
   "cell_type": "code",
   "execution_count": 6,
   "metadata": {},
   "outputs": [],
   "source": [
    "df2 = df1.apply(pd.to_numeric, errors='coerce')"
   ]
  },
  {
   "cell_type": "code",
   "execution_count": 7,
   "metadata": {
    "scrolled": false
   },
   "outputs": [
    {
     "data": {
      "text/html": [
       "<div>\n",
       "<style scoped>\n",
       "    .dataframe tbody tr th:only-of-type {\n",
       "        vertical-align: middle;\n",
       "    }\n",
       "\n",
       "    .dataframe tbody tr th {\n",
       "        vertical-align: top;\n",
       "    }\n",
       "\n",
       "    .dataframe thead th {\n",
       "        text-align: right;\n",
       "    }\n",
       "</style>\n",
       "<table border=\"1\" class=\"dataframe\">\n",
       "  <thead>\n",
       "    <tr style=\"text-align: right;\">\n",
       "      <th>SEASONS</th>\n",
       "      <th>MATCHES PLAYED</th>\n",
       "      <th>WINS</th>\n",
       "      <th>DRAWS</th>\n",
       "      <th>LOSSES</th>\n",
       "      <th>FINISHING POSITION</th>\n",
       "      <th>TOTAL RAIDS</th>\n",
       "      <th>SUCCESSFUL RAIDS</th>\n",
       "      <th>UNSUCCESSFUL RAID</th>\n",
       "      <th>EMPTY RAIDS</th>\n",
       "      <th>SUCCESS RAID %</th>\n",
       "      <th>...</th>\n",
       "      <th>RAID BONUS POINTS</th>\n",
       "      <th>TOTAL RAID POINTS</th>\n",
       "      <th>TOTAL TACKLES</th>\n",
       "      <th>SUCCESSFUL TACKLES</th>\n",
       "      <th>UNSUCCESFUL TACKLES</th>\n",
       "      <th>SUCCESSFUL TACKLE %</th>\n",
       "      <th>NO. OF SUPER TACKLES</th>\n",
       "      <th>ALL OUTS INFLICTED</th>\n",
       "      <th>TOTAL ALL OUT POINTS</th>\n",
       "      <th>TOTAL DEFENCE POINTS</th>\n",
       "    </tr>\n",
       "  </thead>\n",
       "  <tbody>\n",
       "    <tr>\n",
       "      <th>OVERALL</th>\n",
       "      <td>62.0</td>\n",
       "      <td>14.0</td>\n",
       "      <td>9.0</td>\n",
       "      <td>39.0</td>\n",
       "      <td>0.0</td>\n",
       "      <td>2697.0</td>\n",
       "      <td>943.0</td>\n",
       "      <td>623.0</td>\n",
       "      <td>1131.0</td>\n",
       "      <td>0.42</td>\n",
       "      <td>...</td>\n",
       "      <td>280.0</td>\n",
       "      <td>1142.0</td>\n",
       "      <td>1415.0</td>\n",
       "      <td>502.0</td>\n",
       "      <td>913.0</td>\n",
       "      <td>0.39</td>\n",
       "      <td>45.0</td>\n",
       "      <td>52.0</td>\n",
       "      <td>104.0</td>\n",
       "      <td>545.0</td>\n",
       "    </tr>\n",
       "    <tr>\n",
       "      <th>SEASON 7</th>\n",
       "      <td>18.0</td>\n",
       "      <td>3.0</td>\n",
       "      <td>3.0</td>\n",
       "      <td>12.0</td>\n",
       "      <td>12.0</td>\n",
       "      <td>750.0</td>\n",
       "      <td>248.0</td>\n",
       "      <td>194.0</td>\n",
       "      <td>308.0</td>\n",
       "      <td>0.42</td>\n",
       "      <td>...</td>\n",
       "      <td>74.0</td>\n",
       "      <td>313.0</td>\n",
       "      <td>400.0</td>\n",
       "      <td>144.0</td>\n",
       "      <td>256.0</td>\n",
       "      <td>0.39</td>\n",
       "      <td>13.0</td>\n",
       "      <td>13.0</td>\n",
       "      <td>26.0</td>\n",
       "      <td>155.0</td>\n",
       "    </tr>\n",
       "    <tr>\n",
       "      <th>SEASON 6</th>\n",
       "      <td>22.0</td>\n",
       "      <td>5.0</td>\n",
       "      <td>4.0</td>\n",
       "      <td>13.0</td>\n",
       "      <td>6.0</td>\n",
       "      <td>925.0</td>\n",
       "      <td>344.0</td>\n",
       "      <td>222.0</td>\n",
       "      <td>359.0</td>\n",
       "      <td>0.45</td>\n",
       "      <td>...</td>\n",
       "      <td>105.0</td>\n",
       "      <td>419.0</td>\n",
       "      <td>498.0</td>\n",
       "      <td>174.0</td>\n",
       "      <td>324.0</td>\n",
       "      <td>0.38</td>\n",
       "      <td>15.0</td>\n",
       "      <td>20.0</td>\n",
       "      <td>40.0</td>\n",
       "      <td>189.0</td>\n",
       "    </tr>\n",
       "    <tr>\n",
       "      <th>SEASON 5</th>\n",
       "      <td>22.0</td>\n",
       "      <td>6.0</td>\n",
       "      <td>2.0</td>\n",
       "      <td>14.0</td>\n",
       "      <td>6.0</td>\n",
       "      <td>1022.0</td>\n",
       "      <td>351.0</td>\n",
       "      <td>207.0</td>\n",
       "      <td>464.0</td>\n",
       "      <td>0.40</td>\n",
       "      <td>...</td>\n",
       "      <td>101.0</td>\n",
       "      <td>410.0</td>\n",
       "      <td>517.0</td>\n",
       "      <td>184.0</td>\n",
       "      <td>333.0</td>\n",
       "      <td>0.39</td>\n",
       "      <td>17.0</td>\n",
       "      <td>19.0</td>\n",
       "      <td>38.0</td>\n",
       "      <td>201.0</td>\n",
       "    </tr>\n",
       "    <tr>\n",
       "      <th>Team-name</th>\n",
       "      <td>NaN</td>\n",
       "      <td>NaN</td>\n",
       "      <td>NaN</td>\n",
       "      <td>NaN</td>\n",
       "      <td>NaN</td>\n",
       "      <td>NaN</td>\n",
       "      <td>NaN</td>\n",
       "      <td>NaN</td>\n",
       "      <td>NaN</td>\n",
       "      <td>NaN</td>\n",
       "      <td>...</td>\n",
       "      <td>NaN</td>\n",
       "      <td>NaN</td>\n",
       "      <td>NaN</td>\n",
       "      <td>NaN</td>\n",
       "      <td>NaN</td>\n",
       "      <td>NaN</td>\n",
       "      <td>NaN</td>\n",
       "      <td>NaN</td>\n",
       "      <td>NaN</td>\n",
       "      <td>NaN</td>\n",
       "    </tr>\n",
       "  </tbody>\n",
       "</table>\n",
       "<p>5 rows × 22 columns</p>\n",
       "</div>"
      ],
      "text/plain": [
       "SEASONS    MATCHES PLAYED  WINS  DRAWS  LOSSES  FINISHING POSITION  \\\n",
       "OVERALL              62.0  14.0    9.0    39.0                 0.0   \n",
       "SEASON 7             18.0   3.0    3.0    12.0                12.0   \n",
       "SEASON 6             22.0   5.0    4.0    13.0                 6.0   \n",
       "SEASON 5             22.0   6.0    2.0    14.0                 6.0   \n",
       "Team-name             NaN   NaN    NaN     NaN                 NaN   \n",
       "\n",
       "SEASONS    TOTAL RAIDS  SUCCESSFUL RAIDS  UNSUCCESSFUL RAID  EMPTY RAIDS  \\\n",
       "OVERALL         2697.0             943.0              623.0       1131.0   \n",
       "SEASON 7         750.0             248.0              194.0        308.0   \n",
       "SEASON 6         925.0             344.0              222.0        359.0   \n",
       "SEASON 5        1022.0             351.0              207.0        464.0   \n",
       "Team-name          NaN               NaN                NaN          NaN   \n",
       "\n",
       "SEASONS    SUCCESS RAID %          ...           RAID BONUS POINTS  \\\n",
       "OVERALL              0.42          ...                       280.0   \n",
       "SEASON 7             0.42          ...                        74.0   \n",
       "SEASON 6             0.45          ...                       105.0   \n",
       "SEASON 5             0.40          ...                       101.0   \n",
       "Team-name             NaN          ...                         NaN   \n",
       "\n",
       "SEASONS    TOTAL RAID POINTS  TOTAL TACKLES  SUCCESSFUL TACKLES  \\\n",
       "OVERALL               1142.0         1415.0               502.0   \n",
       "SEASON 7               313.0          400.0               144.0   \n",
       "SEASON 6               419.0          498.0               174.0   \n",
       "SEASON 5               410.0          517.0               184.0   \n",
       "Team-name                NaN            NaN                 NaN   \n",
       "\n",
       "SEASONS    UNSUCCESFUL TACKLES  SUCCESSFUL TACKLE %  NO. OF SUPER TACKLES  \\\n",
       "OVERALL                  913.0                 0.39                  45.0   \n",
       "SEASON 7                 256.0                 0.39                  13.0   \n",
       "SEASON 6                 324.0                 0.38                  15.0   \n",
       "SEASON 5                 333.0                 0.39                  17.0   \n",
       "Team-name                  NaN                  NaN                   NaN   \n",
       "\n",
       "SEASONS    ALL OUTS INFLICTED  TOTAL ALL OUT POINTS  TOTAL DEFENCE POINTS  \n",
       "OVERALL                  52.0                 104.0                 545.0  \n",
       "SEASON 7                 13.0                  26.0                 155.0  \n",
       "SEASON 6                 20.0                  40.0                 189.0  \n",
       "SEASON 5                 19.0                  38.0                 201.0  \n",
       "Team-name                 NaN                   NaN                   NaN  \n",
       "\n",
       "[5 rows x 22 columns]"
      ]
     },
     "execution_count": 7,
     "metadata": {},
     "output_type": "execute_result"
    }
   ],
   "source": [
    "df2"
   ]
  },
  {
   "cell_type": "code",
   "execution_count": 11,
   "metadata": {
    "scrolled": true
   },
   "outputs": [],
   "source": [
    "df2['WIN%'] = df2['WINS']/df2['MATCHES PLAYED']\n",
    "df2['DRAW%'] = df2['DRAWS']/df2['MATCHES PLAYED']\n",
    "df2['LOSS%'] = df2['LOSSES']/df2['MATCHES PLAYED']\n",
    "df2['WIN-LOSS%'] = df2['WINS']/df2['LOSSES']\n"
   ]
  },
  {
   "cell_type": "code",
   "execution_count": 12,
   "metadata": {},
   "outputs": [
    {
     "data": {
      "text/plain": [
       "SEASONS\n",
       "MATCHES PLAYED          float64\n",
       "WINS                    float64\n",
       "DRAWS                   float64\n",
       "LOSSES                  float64\n",
       "FINISHING POSITION      float64\n",
       "TOTAL RAIDS             float64\n",
       "SUCCESSFUL RAIDS        float64\n",
       "UNSUCCESSFUL RAID       float64\n",
       "EMPTY RAIDS             float64\n",
       "SUCCESS RAID %          float64\n",
       "NO. OF SUPER RAIDS      float64\n",
       "RAID TOUCH POINTS       float64\n",
       "RAID BONUS POINTS       float64\n",
       "TOTAL RAID POINTS       float64\n",
       "TOTAL TACKLES           float64\n",
       "SUCCESSFUL TACKLES      float64\n",
       "UNSUCCESFUL TACKLES     float64\n",
       "SUCCESSFUL TACKLE %     float64\n",
       "NO. OF SUPER TACKLES    float64\n",
       "ALL OUTS INFLICTED      float64\n",
       "TOTAL ALL OUT POINTS    float64\n",
       "TOTAL DEFENCE POINTS    float64\n",
       "WIN%                    float64\n",
       "DRAW%                   float64\n",
       "LOSS%                   float64\n",
       "WIN-LOSS%               float64\n",
       "UNSUCCESSFUL RAID%      float64\n",
       "EMPTY RAID%             float64\n",
       "AVG_RAID_TOUCH_POINT    float64\n",
       "AVG_RAID_BONUS_POINT    float64\n",
       "UNSUCCESSFUL TACKLE%    float64\n",
       "AVG_ALL_OUTS            float64\n",
       "dtype: object"
      ]
     },
     "execution_count": 12,
     "metadata": {},
     "output_type": "execute_result"
    }
   ],
   "source": [
    "df2.dtypes"
   ]
  },
  {
   "cell_type": "code",
   "execution_count": 13,
   "metadata": {},
   "outputs": [],
   "source": [
    "df2['UNSUCCESSFUL RAID%'] = df2['UNSUCCESSFUL RAID']/df2['TOTAL RAIDS']\n",
    "df2['EMPTY RAID%'] = df2['EMPTY RAIDS']/df2['TOTAL RAIDS']\n",
    "df2['AVG_RAID_TOUCH_POINT'] = df2['RAID TOUCH POINTS']/df2['MATCHES PLAYED']\n",
    "df2['AVG_RAID_BONUS_POINT'] = df2['RAID BONUS POINTS']/df2['MATCHES PLAYED']\n",
    "df2['UNSUCCESSFUL TACKLE%'] = df2['UNSUCCESFUL TACKLES']/df2['TOTAL TACKLES']\n",
    "df2['AVG_ALL_OUTS'] = df2['ALL OUTS INFLICTED']/df2['MATCHES PLAYED']"
   ]
  },
  {
   "cell_type": "code",
   "execution_count": 14,
   "metadata": {},
   "outputs": [],
   "source": [
    "df6 = df2.drop(['MATCHES PLAYED','WINS','DRAWS','LOSSES','SUCCESSFUL RAIDS','UNSUCCESSFUL RAID','EMPTY RAIDS','NO. OF SUPER RAIDS','RAID TOUCH POINTS','RAID BONUS POINTS','TOTAL RAID POINTS','TOTAL TACKLES','SUCCESSFUL TACKLES','UNSUCCESFUL TACKLES','ALL OUTS INFLICTED','TOTAL ALL OUT POINTS'],axis=1)"
   ]
  },
  {
   "cell_type": "code",
   "execution_count": 15,
   "metadata": {},
   "outputs": [
    {
     "data": {
      "text/html": [
       "<div>\n",
       "<style scoped>\n",
       "    .dataframe tbody tr th:only-of-type {\n",
       "        vertical-align: middle;\n",
       "    }\n",
       "\n",
       "    .dataframe tbody tr th {\n",
       "        vertical-align: top;\n",
       "    }\n",
       "\n",
       "    .dataframe thead th {\n",
       "        text-align: right;\n",
       "    }\n",
       "</style>\n",
       "<table border=\"1\" class=\"dataframe\">\n",
       "  <thead>\n",
       "    <tr style=\"text-align: right;\">\n",
       "      <th>SEASONS</th>\n",
       "      <th>FINISHING POSITION</th>\n",
       "      <th>TOTAL RAIDS</th>\n",
       "      <th>SUCCESS RAID %</th>\n",
       "      <th>SUCCESSFUL TACKLE %</th>\n",
       "      <th>NO. OF SUPER TACKLES</th>\n",
       "      <th>TOTAL DEFENCE POINTS</th>\n",
       "      <th>WIN%</th>\n",
       "      <th>DRAW%</th>\n",
       "      <th>LOSS%</th>\n",
       "      <th>WIN-LOSS%</th>\n",
       "      <th>UNSUCCESSFUL RAID%</th>\n",
       "      <th>EMPTY RAID%</th>\n",
       "      <th>AVG_RAID_TOUCH_POINT</th>\n",
       "      <th>AVG_RAID_BONUS_POINT</th>\n",
       "      <th>UNSUCCESSFUL TACKLE%</th>\n",
       "      <th>AVG_ALL_OUTS</th>\n",
       "    </tr>\n",
       "  </thead>\n",
       "  <tbody>\n",
       "    <tr>\n",
       "      <th>OVERALL</th>\n",
       "      <td>0.0</td>\n",
       "      <td>2697.0</td>\n",
       "      <td>0.42</td>\n",
       "      <td>0.39</td>\n",
       "      <td>45.0</td>\n",
       "      <td>545.0</td>\n",
       "      <td>0.225806</td>\n",
       "      <td>0.145161</td>\n",
       "      <td>0.629032</td>\n",
       "      <td>0.358974</td>\n",
       "      <td>0.230997</td>\n",
       "      <td>0.419355</td>\n",
       "      <td>13.903226</td>\n",
       "      <td>4.516129</td>\n",
       "      <td>0.645230</td>\n",
       "      <td>0.838710</td>\n",
       "    </tr>\n",
       "    <tr>\n",
       "      <th>SEASON 7</th>\n",
       "      <td>12.0</td>\n",
       "      <td>750.0</td>\n",
       "      <td>0.42</td>\n",
       "      <td>0.39</td>\n",
       "      <td>13.0</td>\n",
       "      <td>155.0</td>\n",
       "      <td>0.166667</td>\n",
       "      <td>0.166667</td>\n",
       "      <td>0.666667</td>\n",
       "      <td>0.250000</td>\n",
       "      <td>0.258667</td>\n",
       "      <td>0.410667</td>\n",
       "      <td>13.277778</td>\n",
       "      <td>4.111111</td>\n",
       "      <td>0.640000</td>\n",
       "      <td>0.722222</td>\n",
       "    </tr>\n",
       "    <tr>\n",
       "      <th>SEASON 6</th>\n",
       "      <td>6.0</td>\n",
       "      <td>925.0</td>\n",
       "      <td>0.45</td>\n",
       "      <td>0.38</td>\n",
       "      <td>15.0</td>\n",
       "      <td>189.0</td>\n",
       "      <td>0.227273</td>\n",
       "      <td>0.181818</td>\n",
       "      <td>0.590909</td>\n",
       "      <td>0.384615</td>\n",
       "      <td>0.240000</td>\n",
       "      <td>0.388108</td>\n",
       "      <td>14.272727</td>\n",
       "      <td>4.772727</td>\n",
       "      <td>0.650602</td>\n",
       "      <td>0.909091</td>\n",
       "    </tr>\n",
       "    <tr>\n",
       "      <th>SEASON 5</th>\n",
       "      <td>6.0</td>\n",
       "      <td>1022.0</td>\n",
       "      <td>0.40</td>\n",
       "      <td>0.39</td>\n",
       "      <td>17.0</td>\n",
       "      <td>201.0</td>\n",
       "      <td>0.272727</td>\n",
       "      <td>0.090909</td>\n",
       "      <td>0.636364</td>\n",
       "      <td>0.428571</td>\n",
       "      <td>0.202544</td>\n",
       "      <td>0.454012</td>\n",
       "      <td>14.045455</td>\n",
       "      <td>4.590909</td>\n",
       "      <td>0.644101</td>\n",
       "      <td>0.863636</td>\n",
       "    </tr>\n",
       "  </tbody>\n",
       "</table>\n",
       "</div>"
      ],
      "text/plain": [
       "SEASONS   FINISHING POSITION  TOTAL RAIDS  SUCCESS RAID %  \\\n",
       "OVERALL                  0.0       2697.0            0.42   \n",
       "SEASON 7                12.0        750.0            0.42   \n",
       "SEASON 6                 6.0        925.0            0.45   \n",
       "SEASON 5                 6.0       1022.0            0.40   \n",
       "\n",
       "SEASONS   SUCCESSFUL TACKLE %  NO. OF SUPER TACKLES  TOTAL DEFENCE POINTS  \\\n",
       "OVERALL                  0.39                  45.0                 545.0   \n",
       "SEASON 7                 0.39                  13.0                 155.0   \n",
       "SEASON 6                 0.38                  15.0                 189.0   \n",
       "SEASON 5                 0.39                  17.0                 201.0   \n",
       "\n",
       "SEASONS       WIN%     DRAW%     LOSS%  WIN-LOSS%  UNSUCCESSFUL RAID%  \\\n",
       "OVERALL   0.225806  0.145161  0.629032   0.358974            0.230997   \n",
       "SEASON 7  0.166667  0.166667  0.666667   0.250000            0.258667   \n",
       "SEASON 6  0.227273  0.181818  0.590909   0.384615            0.240000   \n",
       "SEASON 5  0.272727  0.090909  0.636364   0.428571            0.202544   \n",
       "\n",
       "SEASONS   EMPTY RAID%  AVG_RAID_TOUCH_POINT  AVG_RAID_BONUS_POINT  \\\n",
       "OVERALL      0.419355             13.903226              4.516129   \n",
       "SEASON 7     0.410667             13.277778              4.111111   \n",
       "SEASON 6     0.388108             14.272727              4.772727   \n",
       "SEASON 5     0.454012             14.045455              4.590909   \n",
       "\n",
       "SEASONS   UNSUCCESSFUL TACKLE%  AVG_ALL_OUTS  \n",
       "OVERALL               0.645230      0.838710  \n",
       "SEASON 7              0.640000      0.722222  \n",
       "SEASON 6              0.650602      0.909091  \n",
       "SEASON 5              0.644101      0.863636  "
      ]
     },
     "execution_count": 15,
     "metadata": {},
     "output_type": "execute_result"
    }
   ],
   "source": [
    "df6 = df6.drop(['Team-name'],axis=0)\n",
    "df6"
   ]
  },
  {
   "cell_type": "code",
   "execution_count": 45,
   "metadata": {
    "scrolled": true
   },
   "outputs": [
    {
     "data": {
      "text/plain": [
       "SEASONS\n",
       "FINISHING POSITION      float64\n",
       "TOTAL RAIDS             float64\n",
       "SUCCESS RAID %          float64\n",
       "SUCCESSFUL TACKLE %     float64\n",
       "NO. OF SUPER TACKLES    float64\n",
       "TOTAL DEFENCE POINTS    float64\n",
       "WIN%                    float64\n",
       "DRAW%                   float64\n",
       "LOSS%                   float64\n",
       "UNSUCCESSFUL RAID%      float64\n",
       "EMPTY RAID%             float64\n",
       "AVG_RAID_TOUCH_POINT    float64\n",
       "AVG_RAID_BONUS_POINT    float64\n",
       "UNSUCCESSFUL TACKLE%    float64\n",
       "AVG_ALL_OUTS            float64\n",
       "WIN-LOSS%               float64\n",
       "dtype: object"
      ]
     },
     "execution_count": 45,
     "metadata": {},
     "output_type": "execute_result"
    }
   ],
   "source": [
    "df6.dtypes"
   ]
  },
  {
   "cell_type": "code",
   "execution_count": 46,
   "metadata": {},
   "outputs": [
    {
     "data": {
      "application/vnd.plotly.v1+json": {
       "config": {
        "linkText": "Export to plot.ly",
        "plotlyServerURL": "https://plot.ly",
        "showLink": true
       },
       "data": [
        {
         "colorscale": [
          [
           0,
           "rgb(255,255,229)"
          ],
          [
           0.125,
           "rgb(247,252,185)"
          ],
          [
           0.25,
           "rgb(217,240,163)"
          ],
          [
           0.375,
           "rgb(173,221,142)"
          ],
          [
           0.5,
           "rgb(120,198,121)"
          ],
          [
           0.625,
           "rgb(65,171,93)"
          ],
          [
           0.75,
           "rgb(35,132,67)"
          ],
          [
           0.875,
           "rgb(0,104,55)"
          ],
          [
           1,
           "rgb(0,69,41)"
          ]
         ],
         "type": "heatmap",
         "uid": "7abf47fb-e108-4637-b187-40dbaf7f30b1",
         "x": [
          "FINISHING POSITION",
          "TOTAL RAIDS",
          "SUCCESS RAID %",
          "SUCCESSFUL TACKLE %",
          "NO. OF SUPER TACKLES",
          "TOTAL DEFENCE POINTS",
          "WIN%",
          "DRAW%",
          "LOSS%",
          "UNSUCCESSFUL RAID%",
          "EMPTY RAID%",
          "AVG_RAID_TOUCH_POINT",
          "AVG_RAID_BONUS_POINT",
          "UNSUCCESSFUL TACKLE%",
          "AVG_ALL_OUTS",
          "WIN-LOSS%"
         ],
         "y": [
          "FINISHING POSITION",
          "TOTAL RAIDS",
          "SUCCESS RAID %",
          "SUCCESSFUL TACKLE %",
          "NO. OF SUPER TACKLES",
          "TOTAL DEFENCE POINTS",
          "WIN%",
          "DRAW%",
          "LOSS%",
          "UNSUCCESSFUL RAID%",
          "EMPTY RAID%",
          "AVG_RAID_TOUCH_POINT",
          "AVG_RAID_BONUS_POINT",
          "UNSUCCESSFUL TACKLE%",
          "AVG_ALL_OUTS",
          "WIN-LOSS%"
         ],
         "z": [
          [
           1,
           -0.8773102885398879,
           0,
           0,
           -0.8658140491983053,
           -0.8714262481428077,
           -0.5552445258354236,
           0.2207407242244131,
           0.4931643660770393,
           0.483223020878121,
           -0.1296315034901989,
           -0.5992285544909032,
           -0.5918904681238739,
           -0.48874435357549234,
           -0.5970648055925376,
           -0.5853517023914476
          ],
          [
           -0.8773102885398879,
           1,
           -0.11020064549389053,
           0.3116198052396962,
           0.9996896160346972,
           0.999769596406995,
           0.16460495313188983,
           -0.09880930943720298,
           -0.10359969763170992,
           -0.17442550580045552,
           0.09570171536073623,
           0.1479968222544231,
           0.1439715805448619,
           0.10302549709356587,
           0.14676215360616868,
           0.15315421642286925
          ],
          [
           0,
           -0.11020064549389053,
           1,
           -0.8892972917998879,
           -0.12323452518895613,
           -0.09513370260208055,
           -0.32259466292157535,
           0.8841983558903092,
           -0.6785543757528157,
           0.5662147982456108,
           -0.9557509002197722,
           0.32347709224953436,
           0.3696461559901421,
           0.689308603714765,
           0.3381727837124707,
           -0.12517078094481168
          ],
          [
           0,
           0.3116198052396962,
           -0.8892972917998879,
           1,
           0.33137541135450294,
           0.30467503642887056,
           -0.06369454022891591,
           -0.5980493364479218,
           0.8523990136906312,
           -0.1981493318357156,
           0.7291771372732434,
           -0.6225773644432898,
           -0.656291878873345,
           -0.8575679654119571,
           -0.6334108740155587,
           -0.25503396337244044
          ],
          [
           -0.8658140491983053,
           0.9996896160346972,
           -0.12323452518895613,
           0.33137541135450294,
           1,
           0.9995824298850068,
           0.14874089267254545,
           -0.10044681178632246,
           -0.07936720601248878,
           -0.16432894450935118,
           0.10195409561177371,
           0.12381788432029744,
           0.1195619099256497,
           0.07887520792642312,
           0.12250380942911404,
           0.13375518810160822
          ],
          [
           -0.8714262481428077,
           0.999769596406995,
           -0.09513370260208055,
           0.30467503642887056,
           0.9995824298850068,
           1,
           0.14565880936686076,
           -0.07837855208470038,
           -0.10323884371005017,
           -0.1536271554918157,
           0.07681185611640391,
           0.13900967400421987,
           0.13594985173237364,
           0.10298830286744101,
           0.13807813666890015,
           0.1365188170016472
          ],
          [
           -0.5552445258354236,
           0.16460495313188983,
           -0.32259466292157535,
           -0.06369454022891591,
           0.14874089267254545,
           0.14565880936686076,
           1,
           -0.7233733855419877,
           -0.47223883836158204,
           -0.9628484049765045,
           0.5827308505832112,
           0.7897415527585807,
           0.7584640610541971,
           0.4589489215167966,
           0.7800525400857755,
           0.9794640850790478
          ],
          [
           0.2207407242244131,
           -0.09880930943720298,
           0.8841983558903092,
           -0.5980493364479218,
           -0.10044681178632246,
           -0.07837855208470038,
           -0.7233733855419877,
           1,
           -0.2670126112834434,
           0.8822033923998729,
           -0.9823985751126467,
           -0.14772424385761873,
           -0.09867158763445778,
           0.281453079806736,
           -0.1322405872351101,
           -0.5696535085762162
          ],
          [
           0.4931643660770393,
           -0.10359969763170992,
           -0.6785543757528157,
           0.8523990136906312,
           -0.07936720601248878,
           -0.10323884371005017,
           -0.47223883836158204,
           -0.2670126112834434,
           1,
           0.21761515255980698,
           0.440841079358913,
           -0.9136757253684453,
           -0.9326437046289273,
           -0.9998862328304537,
           -0.9199196395526087,
           -0.6398223809476873
          ],
          [
           0.483223020878121,
           -0.17442550580045552,
           0.5662147982456108,
           -0.1981493318357156,
           -0.16432894450935118,
           -0.1536271554918157,
           -0.9628484049765045,
           0.8822033923998729,
           0.21761515255980698,
           1,
           -0.7801389068947823,
           -0.5954114026586226,
           -0.5550014808233372,
           -0.20297324245740353,
           -0.5827810693848956,
           -0.8886399213758106
          ],
          [
           -0.1296315034901989,
           0.09570171536073623,
           -0.9557509002197722,
           0.7291771372732434,
           0.10195409561177371,
           0.07681185611640391,
           0.5827308505832112,
           -0.9823985751126467,
           0.440841079358913,
           -0.7801389068947823,
           1,
           -0.03809770376336996,
           -0.08741543319125898,
           -0.45423007553920813,
           -0.05371435886529145,
           0.40705221746212705
          ],
          [
           -0.5992285544909032,
           0.1479968222544231,
           0.32347709224953436,
           -0.6225773644432898,
           0.12381788432029744,
           0.13900967400421987,
           0.7897415527585807,
           -0.14772424385761873,
           -0.9136757253684453,
           -0.5954114026586226,
           -0.03809770376336996,
           1,
           0.9987783654918747,
           0.9074686038518059,
           0.9998777321953155,
           0.8968984997520771
          ],
          [
           -0.5918904681238739,
           0.1439715805448619,
           0.3696461559901421,
           -0.656291878873345,
           0.1195619099256497,
           0.13594985173237364,
           0.7584640610541971,
           -0.09867158763445778,
           -0.9326437046289273,
           -0.5550014808233372,
           -0.08741543319125898,
           0.9987783654918747,
           1,
           0.9271198350606438,
           0.9994289467573285,
           0.8739612203246295
          ],
          [
           -0.48874435357549234,
           0.10302549709356587,
           0.689308603714765,
           -0.8575679654119571,
           0.07887520792642312,
           0.10298830286744101,
           0.4589489215167966,
           0.281453079806736,
           -0.9998862328304537,
           -0.20297324245740353,
           -0.45423007553920813,
           0.9074686038518059,
           0.9271198350606438,
           1,
           0.9139270923173847,
           0.6281911467049734
          ],
          [
           -0.5970648055925376,
           0.14676215360616868,
           0.3381727837124707,
           -0.6334108740155587,
           0.12250380942911404,
           0.13807813666890015,
           0.7800525400857755,
           -0.1322405872351101,
           -0.9199196395526087,
           -0.5827810693848956,
           -0.05371435886529145,
           0.9998777321953155,
           0.9994289467573285,
           0.9139270923173847,
           1,
           0.8898770690431884
          ],
          [
           -0.5853517023914476,
           0.15315421642286925,
           -0.12517078094481168,
           -0.25503396337244044,
           0.13375518810160822,
           0.1365188170016472,
           0.9794640850790478,
           -0.5696535085762162,
           -0.6398223809476873,
           -0.8886399213758106,
           0.40705221746212705,
           0.8968984997520771,
           0.8739612203246295,
           0.6281911467049734,
           0.8898770690431884,
           1
          ]
         ],
         "zmax": 1,
         "zmin": -0.9998862328304537
        }
       ],
       "layout": {
        "legend": {
         "bgcolor": "#F5F6F9",
         "font": {
          "color": "#4D5663"
         }
        },
        "paper_bgcolor": "#F5F6F9",
        "plot_bgcolor": "#F5F6F9",
        "title": {
         "font": {
          "color": "#4D5663"
         }
        },
        "xaxis": {
         "gridcolor": "#E1E5ED",
         "showgrid": true,
         "tickfont": {
          "color": "#4D5663"
         },
         "title": {
          "font": {
           "color": "#4D5663"
          },
          "text": ""
         },
         "zerolinecolor": "#E1E5ED"
        },
        "yaxis": {
         "gridcolor": "#E1E5ED",
         "showgrid": true,
         "tickfont": {
          "color": "#4D5663"
         },
         "title": {
          "font": {
           "color": "#4D5663"
          },
          "text": ""
         },
         "zerolinecolor": "#E1E5ED"
        }
       }
      },
      "text/html": [
       "<div>\n",
       "        \n",
       "        \n",
       "            <div id=\"93ecbedd-943f-40ec-b260-f09dcb372c2e\" class=\"plotly-graph-div\" style=\"height:525px; width:100%;\"></div>\n",
       "            <script type=\"text/javascript\">\n",
       "                require([\"plotly\"], function(Plotly) {\n",
       "                    window.PLOTLYENV=window.PLOTLYENV || {};\n",
       "                    window.PLOTLYENV.BASE_URL='https://plot.ly';\n",
       "                    \n",
       "                if (document.getElementById(\"93ecbedd-943f-40ec-b260-f09dcb372c2e\")) {\n",
       "                    Plotly.newPlot(\n",
       "                        '93ecbedd-943f-40ec-b260-f09dcb372c2e',\n",
